Kp = 0.0614;
Ki = 0.0723;
pi_user = 3.141592654;